1.766986763 2.153714297
0.43498044 -0.560322831
1.681675364 1.380541633
1.904054896 2.336601912
0.254641286 2.177147035
0.29677472 2.77190198
0.423740634 0.368933633
2.002524387 0.90273598
-0.142157675 1.430882796
1.578807294 1.022060695
0.967083194 2.273787245
1.65139455 0.871351179
0.098170707 2.040909961
1.578741464 0.944213575
1.0398572 -0.3691234
2.336371896 1.754939978
0.418430186 0.476695358
1.779412757 1.938946597
2.214331014 0.311244857
2.065432453 0.891633464
0.029416383 2.183453473
0.785186082 1.507336366
1.003510348 0.471479053
0.23927657 2.289060625
1.761113004 2.25192955
1.851666402 1.589559291
0.989470803 0.438364457
0.006631681 0.411575467
1.156539313 0.297663326
1.286121426 2.351443283
0.179339615 0.029040306
1.071853023 2.626755708
2.373990493 0.772422464
0.002939722 2.091650892
1.288445681 0.71740728
2.264977525 1.527620551
1.160340799 1.345049055
0.985030059 0.102283008
1.078096738 0.692829496
2.200538436 1.224764114
0.137701412 1.106563444
-0.312243596 0.805702359
-0.222525298 1.026688693
0.95344443 0.52800922
0.198129762 2.546701765
0.560363572 -0.090176331
1.329396602 -0.011646453
1.738185864 2.578149289
-0.015719223 0.144135289
1.167330404 0.022278478
0.945552809 0.826247434
1.883958242 0.991987712
1.160155885 2.508081568
0.276299957 -0.287212674
0.144882923 0.444689451
0.655713423 2.386131629
2.323781751 0.588228123
2.211231069 0.159347138
0.054626723 0.365371289
0.439825543 0.677542024
1.507773731 0.638660131
1.76531476 2.213462353
1.99963559 0.292185252
1.632048002 2.178018969
0.793598765 1.011427527
1.870796212 1.406701128
0.874772828 -0.706197409
1.806360077 2.280458433
1.07288827 2.040549494
1.576449757 0.999251086
0.348684211 0.186397596
1.956060395 0.643570202
1.159308085 2.598133844
-0.305435837 1.093724037
1.824248768 1.197915047
0.295265741 2.205932425
0.412745889 -0.792729029
0.920383404 -0.505184449
1.8727707 0.203160313
0.590241561 0.12042652
-0.455023819 2.186390385
0.655979255 0.809582215
0.720461294 -0.86331207
0.756968833 2.419771735
1.590607324 1.12964464
0.514982635 0.661742688
0.914893366 2.690867058
0.747437071 0.519412649
2.017852673 1.451507955
1.70534586 2.236781804
0.506879193 0.639486219
-0.48071521 0.976170128
2.420124731 1.226361347
1.549588906 -0.586274032
0.807951172 1.549725712
0.176277794 1.78594173
-0.243334996 1.531981827
2.103668361 1.23921414
1.603060739 1.952718445
-0.062696072 1.073489064
1.676238385 -0.522185982
1.629423299 1.30789933
0.659208467 2.756889288
0.305997814 2.800428148
0.103394989 -0.093352576
1.178494704 2.713499739
-0.007547523 1.265938775
1.095572008 2.031186049
0.396812726 -0.733047812
-0.096754612 1.113737184
2.469226521 1.243105717
0.659886019 0.820470198
1.013480696 1.404650501
-0.141560697 0.862414777
0.396250518 0.611017621
1.140435012 1.108576405
0.052943914 2.381157027
0.166559118 1.912324431
1.987481064 -0.444157185
2.171152447 1.461723396
1.285691965 0.494883939
1.134069288 2.632007398
2.323941555 1.30702632
2.382256453 0.51117477
1.633469637 2.191768797
2.188636082 1.5085629
1.552092544 2.857236124
1.316879104 -0.46347584
-0.065734462 -0.114645644
2.044639763 -0.166796277
0.982254863 2.578528614
2.026457246 1.477836797
1.266957717 0.785846597
1.557865293 2.35443621
0.52979729 2.397879616
0.590928966 1.875046256
0.423618873 2.667021171
0.423431169 1.446188743
0.896528436 -1.011122288
0.198280276 1.029926878
0.60314146 -0.327678644
1.23837016 2.115023576
-0.267419086 0.270509035
1.22774649 2.309637809
2.047292255 0.12433322
0.347832205 -0.506492646
1.644667886 0.760988216
2.436095674 0.029740747
0.643551356 2.183267309
-0.143357376 -0.068198635
2.172995347 1.927361841
1.182490198 1.633457063
0.570741536 2.697048123
0.965785106 0.520544465
1.699172832 -0.420908449
1.286172333 2.943425008
-0.417554253 1.694689922
1.486381568 1.821345067
1.470896438 2.463512943
1.105694485 0.972494297
1.583711585 -0.715194884
1.45785861 2.402247698
-0.297372686 0.607720997
0.21251644 2.364803566
1.10934859 -0.808036962
0.727656177 1.906761155
1.92945481 1.943109047
1.867113087 -0.032680597
0.116218572 0.729889504
1.491448262 1.218677898
0.79230301 0.411379642
0.546666866 2.72707321
1.765834382 2.397434106
0.846405438 -0.223227851
1.205604078 0.870283318
0.064214913 2.003056053
0.623852319 0.704504884
2.067664612 2.582403938
1.878401068 -0.542941671
0.550735044 -0.316937423
1.432187863 -0.74292565
0.618765044 -0.178786424
-0.082283972 1.443801441
0.26624101 0.809210551
1.63443586 -0.06897816
0.065835415 -0.356539312
2.19014056 0.234124517
1.439443639 -0.307228258
0.929526916 -0.557481997
0.48926353 2.564168776
1.614211799 1.726492298
0.224420433 0.075859173
1.054585816 -0.050895922
1.127848462 -0.590059233
1.338673222 2.153845824
1.279560895 2.468372053
1.269451089 1.11920345
-0.149721487 2.093322119
1.12809968 1.275669689
0.078251205 1.745552317
0.025023102 -0.487131652
2.419777068 0.809802331
1.692773621 2.666356317
0.85405451 0.42493153
0.710994968 2.719550921
1.870693164 1.385129746
1.434226498 0.118056891
1.447104357 1.099390656
1.62951943 0.522025304
0.949847031 2.044051152
1.181467603 -0.049434423
1.165220514 0.630715484
2.261473046 0.217535064
0.904575077 0.583452277
0.78850435 0.593631832
1.549857869 0.472653091
0.046522187 0.258375002
0.776093758 2.290148066
0.252114996 1.739445134
1.576637858 0.909592637
0.706827703 1.664026581
1.855910397 -0.433666653
0.315141497 1.708444384
0.313307899 2.053676362
1.978952085 0.227009943
1.109733212 0.606568573
1.137940758 0.207260446
0.366555259 -0.338424491
0.163793483 1.45035093
0.530443747 -0.694218852
1.226453711 -0.335234973
2.267801624 0.324529675
1.32658636 1.71137711
1.216992382 0.017174942
1.89215578 0.731592292
-0.59804548 0.811208034
0.864119642 1.066131358
1.828204486 0.352258045
0.803452128 0.109859106
1.369328723 1.845883737
1.220243767 2.62288789
1.744711652 1.863627375
1.913755962 0.048566507
0.399325285 1.012772339
0.51572867 1.58535888
2.249973303 0.523246527
1.465433125 -0.212413328
1.464646744 2.168034105
0.169098595 2.51835004
0.008427993 1.704990794
0.937896168 1.640323566
2.361003586 -0.20928802
0.966839466 2.04149483
1.126808631 1.261181299
1.126962506 0.679177826
1.446104448 0.836792248
1.028399213 0.203680863
1.89420227 1.150415899
0.951006438 1.425282147
2.091310787 -0.252222344
1.434259672 -0.191138952
0.791615351 0.655701821
1.124221 1.096787471
1.869520338 1.733398777
1.825573848 1.93729166
0.12288249 0.377590582
2.038163636 1.459190222
0.222805773 0.306644482
1.908813889 1.399284955
1.088436202 -0.590705383
0.432260305 -0.116803922
1.362840702 0.360285352
1.094914575 0.25627757
1.716495901 1.166255156
0.123480055 2.652216261
2.442943222 1.02937317
1.865906342 -0.157794766
0.249665019 1.259372042
0.046714327 -0.694433429
2.028681902 0.480133114
1.611098953 1.910036397
0.513416435 -0.447200507
1.656307737 2.720830599
1.479693623 1.023904261
0.787605422 -1.049155577
1.431580166 1.8708334
0.761494836 0.934808526
1.150126032 1.243095186
1.541772701 0.238237385
0.30851007 2.805191835
0.925243387 -0.208534669
0.78838958 1.335713565
1.733298102 0.740614089
-0.431875119 0.763461355
-0.22731711 1.094953368
0.901831425 2.901580911
1.478921552 1.111698695
1.792732936 -0.164548035
0.336802448 1.461386523
0.886666243 2.074654026
2.375414447 2.104968202
-0.349906801 1.543148647
0.943098851 -0.360275972
0.62649677 -0.136421751
0.841080718 1.514692336
0.24003717 1.709022291
1.166740257 -0.354161142
0.028962791 1.064073154
0.63912701 -0.594365795
2.081719507 0.211060292
1.981081553 1.900524249
0.757410339 -0.899666585
1.107350888 0.966504554
0.403561989 2.478423479
-0.357089007 1.593758249
1.551507327 1.714116513
0.461227648 1.115326807
2.199088263 0.1720504
0.624342607 -0.264150275
1.425813273 0.97910983
1.159019774 -0.607838146
1.038586274 1.767501668
1.851284291 -0.219245617
0.95436612 -0.741686214
1.40829114 2.641729529
1.591529506 2.730649398
1.688974409 1.492956121
0.338457572 1.808595792
1.561238839 1.2083426
1.745211052 -0.379862824
-0.006173134 0.812354067
1.570658728 -0.321608151
1.395732166 1.793725326
0.104082033 1.636702089
2.382125715 1.084552024
1.20906899 2.226173292
0.358533556 1.622165163
-0.052678006 1.370490034
0.194325748 2.043879639
1.157754795 1.546445208
0.299728894 0.530153283
1.309980352 1.309348334
-0.331546253 1.792261726
1.26035435 -0.717697496
1.192317568 2.891206913
0.550314907 0.771370894
1.677843865 2.704406255
0.358460295 1.0704313
1.376363086 0.248248993
1.368685517 -0.164671119
1.036913243 -0.428971513
0.537136704 2.171249022
2.222203847 1.363203287
0.270431878 0.979269225
1.510733864 -0.641915725
1.353014595 1.226948165
0.461017512 2.418971906
1.251826788 1.931065738
1.804126796 1.805461252
-0.292909786 1.159298169
0.834825103 2.633936263
0.015204242 2.441573267
2.312655612 1.106901128
0.960284478 2.360704549
2.386934105 0.737112748
1.158820854 1.575934698
0.554079818 2.838929813
-0.090791281 2.083719801
1.635956176 0.013394648
1.029982885 -0.594400208
1.448028469 1.482401952
0.850338745 1.616271231
1.829141598 -0.136228387
0.998544363 -0.556739503
0.298431394 0.7494594
1.163849141 1.644667182
1.501789631 2.311604398
0.119551525 1.704489438
0.938469266 -0.588946359
1.044258215 0.772255663
1.925369484 2.285421821
0.614944822 -0.187398908
0.223394097 1.413238166
0.651615194 0.342062452
0.417393421 0.041858827
-0.011224355 1.561167908
2.275488359 -0.324402443
1.919206907 -0.406410825
2.015501731 -0.191933355
2.353593755 0.432702223
1.869862366 0.526268046
1.265366019 -0.227563158
0.906009767 2.220234928
1.635724087 -0.434430769
0.786086422 1.896508973
0.41164843 2.271572057
-0.094962879 0.706711247
0.227020561 -0.201761637
0.33566481 1.653848573
0.947611915 1.306960933
1.812203905 0.902368615
-0.241035641 0.306927741
1.451281976 -0.583136089
2.01210235 1.144376401
1.035896489 1.70167348
1.75892808 0.415391203
0.493133411 0.73102776
0.795426401 0.27297333
2.358435841 0.735587739
-0.13383147 1.732718503
0.616350692 2.342389916
0.558456514 -0.250089853
0.487105469 -0.757894488
0.453698327 2.205409907
1.022744256 0.042429983
-0.027493198 0.313329823
1.747642504 2.74672204
1.971788585 2.609297992
0.819356931 1.262945791
1.951999456 0.917917398
0.282430457 2.540909631
0.788835591 1.371033506
2.0640472 1.8818339
-0.036367562 1.22134975
1.188775278 2.948805657
0.870959527 1.490038697
0.430376903 0.270426836
0.142575094 2.062388436
0.957135003 0.586048302
2.082355614 -0.175563602
1.484951872 2.647120805
1.329449812 0.304325236
0.322572104 0.261795965
1.933312257 1.406364899
-0.030614964 2.06192119
0.32709256 1.324074801
1.532697729 -0.320579492
0.646297359 2.465083221
2.26163098 0.877354122
0.112274745 1.2393595
1.067464743 1.504966596
2.189879128 0.731528505
1.309757035 0.504101057
0.356590864 0.06328728
0.651765224 0.728802949
2.080432259 0.82964436
0.555071625 0.085741073
-0.38221875 0.441530865
1.711661977 0.720657509
1.116034748 1.980527962
1.523512413 -0.045919492
1.490435136 1.731514071
1.812546609 2.081380114
0.934730838 0.901012462
1.477865991 2.582157194
1.374482263 -0.621599815
0.490204681 1.494622179
1.386052463 -0.706326989
0.205298152 0.386471164
1.992159016 1.458913778
1.587777037 1.193897719
0.016355188 0.572433057
0.728334933 1.54799934
-0.320626622 1.052101741
0.716349053 1.475158392
0.516582722 -0.579006933
2.049758748 2.074189613
1.756543814 0.229779118
-0.053602243 -0.158914308
1.449637859 2.589395033
-0.019310876 0.480890683
0.2772091 -0.191205297
0.945023644 -0.630065361
0.945035706 -0.819897487
1.414826647 0.008448877
0.925797839 1.957467842
1.014245534 -0.72477825
1.864907022 2.238612413
0.987207044 1.748804192
1.191106622 0.860473042
1.002988498 2.78141948
0.307076352 0.374868058
0.728358962 0.095931466
0.779392595 2.455453841
-0.064575604 -0.378111566
2.206473749 1.231912345
1.583280239 0.874397555
0.586214812 1.061014923
2.217187374 1.735788747
2.134103408 2.206694233
0.666422946 -0.226676534
0.632937592 2.473015099
1.312369302 1.552785121
2.028886338 -0.178669219
0.824694607 0.69141581
2.256568922 1.540232184
1.123343344 -0.545434322
1.935024551 0.182513453
1.496888403 0.47785821
1.014984545 -0.490111406
0.727422941 1.01068841
1.165954427 0.107909888
-0.507372109 0.886729277
2.323530447 1.407681143
0.015538004 0.276042244
0.941106313 -0.222710297
0.285064432 1.48049895
1.750054559 -0.328779017
1.592238365 1.107029475
0.514558813 2.065031925
1.62300521 1.405497571
1.98372254 1.294317299
1.290356958 -0.650254034
0.702342753 2.330900423
0.807823736 2.111257694
-0.06150813 -0.331999858
1.674837226 1.251978059
0.624463694 1.753300021
2.063030922 1.636283262
0.589045806 0.995318463
1.101756236 2.448228603
1.56987436 2.58003427
1.204085369 0.284075321
1.870073774 0.563710862
0.551674117 1.233030216
0.921583911 2.371038312
1.682357868 0.283431408
1.693703833 1.476934634
0.358845485 1.042259774
1.269280321 -0.254787899
0.134206987 2.283876298
1.349689739 -0.03235994
1.332460466 2.599147781
1.930942341 0.29165687
2.285256596 0.599204428
2.152468872 1.504391503
0.24608795 0.010038486
0.618823413 0.794208792
1.744027311 -0.219757687
0.755047381 -0.805430662
1.626104953 -0.928265835
0.875885992 2.049763397
1.895696436 1.563058527
1.171080863 -0.490769062
1.34551755 0.620039171
1.295582227 0.088509173
2.028961546 0.309650452
1.054806368 2.14432811
2.042378503 0.617583533
1.598721549 2.358245236
0.947759094 0.192280986
2.350271902 1.238703495
0.046864077 -0.440147381
0.723770316 0.894576195
1.259659493 1.953497854
1.911098986 -0.261657012
0.430124271 2.290139554
-0.480333046 0.974322196
-0.234439994 -0.26509667
1.22153795 0.077498735
-0.11514949 0.58306697
1.265309222 1.649327758
0.138664243 -0.252274518
0.874813892 1.004590229
0.903561142 2.858751839
-0.11368232 1.851792511
1.218929105 -0.774398854
0.227206367 1.69331658
1.02956415 1.151200147
0.049678294 0.962528778
2.148999225 0.212774505
0.252990198 1.732099575
-0.622441674 1.05006366
1.690599634 0.253861314
1.26174118 1.245215521
1.418606118 1.564166107
2.299321816 0.839482097
0.380324411 2.610017559
0.901922014 2.687068146
-0.223211975 0.558007912
1.042493692 1.272491508
-0.250105399 0.241408252
0.538661926 2.71007927
-0.45259586 1.007489778
0.549686304 0.692190129
0.542808904 -0.337112375
1.821868477 2.414669174
1.773236923 1.425187386
1.781878686 0.329541648
0.900339265 1.994883571
0.529874356 0.851414381
0.407337807 0.028528906
1.739212774 2.205320967
0.512365709 2.814354867
0.205221607 0.523803325
-0.106032551 0.954464061
1.933057649 -0.364426699
0.642406365 1.829617514
-0.196259057 1.104057204
1.263540524 0.341178617
1.345115205 2.419050612
0.143939475 2.479270931
0.586888806 1.063034628
1.210192682 -0.666283288
-0.332505966 1.282367903
2.046798892 -0.322908152
2.279752421 1.768586362
1.18413888 2.650004535
2.226913814 0.899052745
2.507499169 1.249040806
0.395648744 1.458599332
1.757671053 1.617317184
0.318692915 1.368232348
2.513696656 1.129820558
0.097748767 0.396888074
-0.167852968 0.73141483
0.284455886 1.918724452
-0.069040458 0.730802763
1.61948948 2.119068594
1.726309653 -0.219391591
2.38223941 0.347100215
2.315885148 1.323577028
2.357089845 1.423239236
1.062251032 1.330457384
2.012128045 -0.491360909
0.407797373 2.337372659
1.703355299 1.724410399
1.279938457 -0.925637561
1.22571522 1.930587682
1.105268935 0.397506005
2.37714555 0.485853377
1.549309722 -0.207033172
0.201869922 0.627449772
1.505719581 1.427692928
1.687707828 2.381090777
1.776784217 0.752874092
0.631749313 2.835541152
1.794768812 2.603605942
0.835112542 -1.060674471
2.27917101 1.689835666
2.201456178 1.847270584
0.423116991 0.492723193
1.46837902 0.138614389
1.546232964 1.965332047
2.383472019 0.935323472
2.153329922 0.200139605
1.396646815 1.108886547
1.948519919 1.142910232
2.130775405 1.349125997
0.470554091 1.074254151
2.446501431 1.136625186
0.691669659 2.779411906
-0.29962777 1.28301206
0.591714615 1.202896165
0.577294623 1.933815358
0.771125625 -0.545894342
1.059849026 0.99578442
1.994010966 1.301776304
1.485613365 2.690455507
0.664696071 0.759960052
-0.469505291 0.840613776
2.284517903 0.865540319
2.382523421 1.53283955
1.1815946 -0.938240221
0.768376552 -0.52209954
2.253947458 1.442760528
0.437415761 0.576371144
0.331553574 1.806627965
0.525467174 0.649264499
0.42130241 2.648771385
0.465903536 0.322475079
1.873104562 -0.134916057
1.442968251 1.9892558
1.547280128 -0.020367212
1.775491614 -0.532621788
0.466396107 2.625626592
1.006081343 0.915320686
2.643442243 0.774302843
0.986237384 -0.270371777
1.454885637 1.466274418
1.0007263 0.555201809
0.546604717 -0.16978372
0.566150618 1.049374558
0.958890715 -0.874365922
1.723574501 2.129277853
2.251047861 1.963878846
1.297178218 2.575032837
1.008625298 -0.208797912
1.381748077 0.613682009
1.125738587 1.422767928
1.213958041 1.245148654
-0.517897875 1.271964841
0.877345359 -0.069761746
0.629735871 1.57758304
0.979536362 2.687345412
2.106480772 0.567851347
2.139028813 1.032947411
2.020719809 0.485756468
0.511422823 2.270264342
0.682467353 -0.483651832
0.008994616 2.205155681
0.688800747 1.128992466
1.712226097 1.264814269
0.299125722 1.819789669
0.20551495 2.742586351
2.055663327 2.293533942
0.8860122 1.197877927
2.276194721 0.129966382
1.289794228 -0.460387084
2.413129234 1.57433624
0.393798485 0.534681541
1.315211923 1.07198744
-0.065382448 1.208200646
0.570687011 -0.667732743
1.867155352 -0.094030427
1.49267911 1.291289946
-0.489380157 0.613158473
-0.314540924 0.980931868
1.026967123 -0.943570277
1.619581967 1.161655434
0.458770333 -0.954943895
0.351172537 0.717494996
1.103330277 2.411908157
0.042933205 0.275429371
1.078851446 0.540272009
0.909475583 2.027811549
1.063890109 -0.086903209
0.760611611 0.285143999
0.72390306 1.993930998
1.415125656 0.028139454
2.042188999 1.918307757
2.255288619 1.853205418
0.824435796 1.700009293
1.419003384 0.024248968
0.788792653 2.842549938
0.588933949 1.025677147
2.246881064 -0.009616772
1.108557051 2.770575261
1.089695991 1.051199716
1.400787393 2.246815733
0.718860247 1.915302963
0.139212711 -0.343465052
2.31538809 1.995115798
1.962161045 1.819858518
2.190358195 0.838935202
2.371838596 0.581843122
0.440455588 1.403566103
0.97103495 2.312013954
0.746379506 2.553810963
0.365786739 2.569593724
1.358262657 2.890400594
0.501377594 1.981329377
-0.343157205 0.870961052
1.23194946 -0.751787711
1.206897786 1.511488113
1.486337635 0.531507313
0.528809387 0.900417197
0.373983397 2.146466296
-0.305234043 1.060958378
1.681724251 2.264002752
-0.201706836 0.380675408
0.309883312 -0.511494615
0.353576935 0.531311012
0.224981655 0.701677336
0.079129042 1.50550937
2.179356367 0.728594071
1.80767949 0.249809287
-0.03264385 2.101240611
2.109406067 0.988889189
1.903833758 0.422907957
1.250318966 -0.840075496
1.415297384 1.880679865
1.306752262 -0.662772156
1.543158063 2.778637039
1.514974701 1.419670659
0.831072944 2.849891184
2.243258818 1.000547833
0.873048229 -0.658816114
0.727717492 0.050464274
0.400734396 1.928878187
0.801107969 2.340702932
1.658890619 1.617340709
-0.314799451 1.422953153
0.854356471 3.104578823
1.577744306 -0.226051208
1.192593389 0.925942429
-0.046887843 -0.583970035
0.8941413 -0.147335883
-0.228122443 1.002367095
0.742848623 2.787161427
0.700469285 2.474526516
1.372059304 2.662060146
0.291901551 0.067649441
1.080409222 2.124283327
1.869094218 0.316353664
2.030847907 1.356166903
0.551171311 2.662898313
1.36141819 0.902706494
2.237944336 1.631303407
1.916119065 1.610870174
1.686803129 -0.58320623
0.432441005 1.598009554
0.55974964 0.062135161
1.518675274 1.857590522
0.208719031 1.627643022
0.66500512 0.516021076
2.329518069 1.966050173
2.007250564 2.577196304
-0.430373865 0.095065688
1.796280746 1.342275307
2.00336537 2.035154705
1.535893127 -0.289080565
0.875537766 1.294140195
1.543246964 0.819879944
1.277119506 1.865702435
1.333188399 0.472762464
0.899097224 0.920560862
0.365634414 0.509697598
1.879290832 2.286266721
0.468599278 1.273799402
1.712111838 2.606106082
1.059050869 2.244543978
2.102453545 1.445318319
1.215112399 0.55972684
0.202883519 -0.197056829
2.202952234 1.571094148
1.415335252 2.161665526
0.695411651 -0.160652768
0.318032356 0.646695797
1.119422087 0.625409177
1.927458032 0.980462057
0.893681875 2.549524659
2.037809197 1.191955199
1.159009175 0.00890674
0.576698487 -0.329612072
0.567667934 -0.521564511
0.787374122 1.126056428
1.637715119 4.50967E-05
0.659775166 2.527908055
0.780156445 2.552462263
0.619517714 -0.721869124
1.256726148 0.503424793
1.703407222 2.240527051
0.41203171 2.680392521
0.829051583 1.834692193
0.333429838 1.227530665
2.065004318 1.408362036
1.22822691 -0.901037784
0.881960152 1.045579357
2.453175532 1.312719418
1.172077089 0.371723865
-0.043106862 1.860499363
0.160079898 0.897446126
1.597958551 -0.805443342
0.456398419 1.578195329
1.447303386 2.324810556
1.380738726 2.936730389
0.327627358 0.705272146
1.820486775 2.600888327
-0.311710586 0.375162575
0.306391079 1.210978009
-0.447863865 1.530599936
0.543141368 1.265317853
1.214581704 0.923715083
1.605519608 1.756315415
0.865164017 0.311625741
0.125998199 2.875342789
0.887036517 -0.883821576
1.779232702 0.717190998
0.352209701 0.886601466
1.860511528 2.339896394
0.531956378 0.286212086
0.887379242 -0.006413163
1.634809357 2.329394401
1.968875633 1.18859689
0.262242422 0.822507797
1.711821051 2.019257783
-0.442351861 1.219986261
1.010348003 1.235854147
-0.331264018 1.591997462
0.203880691 -0.512544451
0.306439201 2.37663759
2.375538504 2.023227564
2.066133782 1.380100963
2.043709964 0.784596647
0.352604598 -0.323573698
1.009656901 -0.694752007
0.423196448 0.536406002
0.659415147 0.695605542
-0.145390534 0.099857931
-0.251305077 1.475538896
0.115196868 1.115128657
-0.203907707 1.286259482
0.155052814 -0.42924722
0.546280883 -0.111868757
0.864888471 2.095422088
-0.393867278 0.292560151
2.162272307 1.34930727
2.322618114 1.833980817
1.555470793 -0.892063407
1.618290553 1.786755714
1.539996662 0.916641504
0.967450905 1.707969301
0.826631332 0.29638614
1.008304599 2.347230275
-0.162021821 1.51892552
0.738674757 1.208035479
0.836613847 0.530187919
1.687809749 -0.491329604
0.365867131 2.174633161
0.756972643 2.475136113
0.114266525 1.867358789
0.353408974 2.194184571
0.080410001 0.825036298
0.432247789 -0.78594714
1.756468543 -0.14357251
1.696066486 1.506433782
1.679859187 2.611152607
1.688166822 0.262041025
1.023067858 1.515225295
0.315068911 -0.492918654
1.630152052 -0.427103203
0.010046854 0.386522392
1.257320452 -0.601302914
1.007013699 -0.527250835
2.083062448 1.05046709
0.845466815 -1.035860923
-0.404898253 1.431828192
1.970399948 1.688234093
1.830334257 1.593778489
0.564428616 -0.61770095
1.883553185 0.659340157
-0.331586439 0.475752154
2.145304887 1.35949472
1.451787794 -0.220194672
0.521134722 1.119425776
1.530308765 1.749151641
2.051850753 0.948428165
1.401949109 -0.918666629
1.944108674 0.719748055
1.654775329 1.896149913
1.772868455 2.102126331
0.756106871 0.854090182
1.421357436 1.876360537
1.585245349 2.241055231
1.607491266 -0.25894191
1.435845745 0.645355237
0.048115204 0.639136418
2.172219126 1.627539144
-0.157101949 0.551941753
-0.349970865 2.00278046
0.072565468 1.510773472
1.435147063 0.023826533
2.344773975 0.60845238
2.139681426 1.536671524
0.42527711 0.553821903
1.647271272 -0.170188845
0.79887607 2.07179444
1.636369944 2.405329129
0.348606392 2.440120293
1.216726524 -0.802162438
-0.098090538 -0.126691326
2.196214643 2.124724437
0.951747627 -0.256636499
2.15318455 0.601081341
1.262130615 0.304047363
0.36333433 2.896666008
0.119027664 1.244946571
1.817713074 -0.375464161
1.454717334 1.835594388
0.912431045 0.139364662
-0.090386044 1.668499786
0.65482337 -0.633849247
0.00022662 2.431041751
0.579550974 0.900106096
0.324602942 1.109496336
0.490605871 1.762369534
0.096007812 0.678457022
0.84225412 0.775688282
1.553132659 -0.369239868
0.403578039 2.070726347
0.678074425 -0.916101198
1.109379471 -0.441168293
1.596064038 0.474327426
0.352243869 1.273736156
0.720727608 1.546302258
0.69335308 1.073633779
-0.210356897 1.17425508
0.444738205 0.581890871
1.491368665 0.492395955
2.486204173 0.37061073
1.109493326 0.98771771
0.737527407 -0.110553333
0.082337624 1.523275235
0.455697006 0.459512838
1.9865619 1.675606557
1.767044463 -0.560712848
0.777653017 2.134245233
0.763344746 0.170282775
0.973175324 0.589605493
1.923606118 1.986887933
-0.093303402 1.650800934
2.02853456 1.569472324
1.582788575 0.361935553
1.580209897 1.253846668
0.2393499 2.012540563
1.811819573 2.455859438
0.698130396 1.286982482
0.469943508 1.433362995
1.092625494 2.220522298
0.639809043 0.662671493
0.860146842 -0.357226663
1.00627997 2.537126416
1.79034179 2.184937333
0.720558206 2.716119819
-0.057728855 -0.183914106
0.219320131 0.690151188
0.49877501 -0.460607023
2.470956283 1.0875308
0.809777289 -0.685797544
1.047827102 -0.577027798
-0.155180495 0.076155901
1.421633824 0.21069132
-0.220256236 2.193024891
0.95457662 -0.466695175
2.165604387 0.455874016
-0.306072546 1.082227038
0.274452629 0.98111513
1.466265144 0.797212406
1.511618816 0.58608354
1.674834957 1.196702899
1.313976363 -0.480627658
1.154118089 1.056689918
0.690421923 1.585795205
0.869179854 1.603626379
0.770146609 -0.090422038
0.371382533 1.8475835
0.722998347 1.885547233
1.866034116 -0.023592422
0.470216461 2.414031568
-0.426601597 1.778107078
1.670216367 1.891327267
1.307800881 0.080395091
1.803285325 2.551903017
0.291246604 1.318914958
0.254767492 -0.183018371
1.859984323 0.452062723
-0.439943047 1.012434233
0.123367569 1.716387003
1.013754404 0.370063411
1.690378907 0.88911697
0.552385096 1.829783678
1.809800954 0.547332268
0.136528424 2.286004954
1.406627639 2.298778689
2.008266782 1.489800682
2.153864382 0.737398895
1.925278714 -0.478935672
1.451337761 2.182876494
1.88639766 2.417633454
-0.034353874 0.891217685
-0.288634707 0.694781314
1.673123798 1.992351935
-0.267405092 1.844157893
2.279194287 0.266525554
0.378088282 1.150438262
0.664344833 -0.645885747
-0.088467661 -0.386900004
1.94105811 -0.097511262
0.585393836 0.15872217
1.285716704 2.304941697
0.586756054 2.531435307
0.368796062 -0.269991411
2.07960406 2.046281763
0.766746676 -0.05668722
1.189653215 -0.120813764
0.358420238 2.29490704
0.85590583 2.381228035
1.941909524 1.196411607
1.086149974 1.720279441
0.103274451 1.113191667
-0.142928686 -0.180396884
1.87863258 -0.070340907
1.212671423 2.913414995
0.551176417 0.346267978
0.651020498 2.448729678
0.019789396 0.715476218
0.591607007 2.716993414
2.250656215 -0.368341301
0.375165816 -0.607254751
1.505737884 1.707230524
2.346090422 0.518326484
1.477742318 2.563246016
1.089689121 -0.565399614
0.628758801 1.937185521
0.065645121 1.583896762
1.320593948 2.615459566
0.964877887 3.139715155
0.912982855 -1.031496076
1.268424704 1.453065784
-0.282286781 0.929788625
1.710007835 -0.696225218
1.54496878 2.198299844
0.850535952 -0.634466608
1.479266721 2.863385479
1.125613084 -0.512125189
0.807740812 0.199904035
2.324601593 -0.236723877
2.181670608 0.273192147
0.690773579 -0.57296175
0.725684705 1.884269789
0.871619497 -0.85161102
0.141553652 -0.208684719
1.301877107 0.722319958
0.433211417 2.476443419
2.63067602 0.947087371
1.77821085 1.97673697
1.039667859 -0.308416698
2.158406946 1.353003661
1.189841184 2.360411045
0.94871184 0.73440884
0.194711533 -0.496249512
0.086947547 0.997184896
0.304382298 0.852546255
2.026748914 1.485643023
0.005465597 2.206143864
2.109553463 2.17692027
0.352426482 -0.06216926
1.736082934 2.242833001
2.029824668 0.680058783
1.304181295 2.793149324
1.832812992 0.596356067
1.643240865 0.374088126
0.550302516 0.609832632
1.268284446 1.128473841
1.040342053 1.254459328
0.456232282 0.309457274
0.36686367 1.531783385
0.829405645 1.245811643
0.199579236 2.290058383
1.568640651 -0.418293827
0.436368935 1.201823301
0.447489372 2.345042714
1.814683676 0.03618702
0.916329784 1.074770177
1.144232286 2.974962316
0.046566954 2.773343001
-0.362562037 0.578308762
0.540535879 0.091777595
0.211767556 -0.71876242
0.794637662 1.011621364
0.962050797 0.347223885
1.574569579 -0.778411844
2.073170283 2.48853123
1.453121162 1.425848987
2.022673224 2.317642533
0.429209205 0.291848483
0.980040966 -0.009428757
-0.017078972 0.28844551
1.169415825 -0.063937555
0.643552219 0.876203004
0.274907722 2.682998215
0.687759197 1.722026018
0.304399333 1.695410612
2.033222546 0.723369897
0.303135341 1.774779076
2.26009105 0.895494931
0.347252219 1.868682283
2.083709282 0.231488712
-0.13505882 2.239982697
1.246409208 1.239425534
0.59711167 1.176284651
0.324444757 1.51107677
-0.278973357 0.737138612
1.771487382 0.011065739
0.99932647 0.923027407
0.467114908 1.547287739
0.405400432 1.875760513
1.371314679 1.559172214
1.669328629 -0.536889153
0.606307923 -0.824621987
0.992880018 1.251658495
0.516320249 -0.428512772
0.760555354 1.364998184
0.259254568 1.72484568
1.562141521 0.594342648
-0.101658887 1.802503578
2.14199308 -0.172581016
-0.165177438 0.892492052
2.073953474 0.395521972
1.296155122 1.102884641
0.868126386 -0.244427136
0.02681057 1.070997946
1.072835445 1.214172195
-0.057898904 2.385630952
0.726899549 1.539260088
0.54704711 2.311456039
1.037915404 0.589303409
0.334325806 0.645359119
0.599448336 0.405782237
1.773840003 2.164839164
1.359850145 2.72209181
1.887665867 0.21863547
-0.236115242 0.432576673
1.39496232 0.679719788
1.735403625 1.797439473
0.117008782 1.666088769
0.306596232 0.333991705
1.132061814 0.276459885
1.187510541 0.966038437
0.400391124 -0.049338769
1.961221181 -0.038523588
0.232310561 2.760136827
0.020832426 2.152868659
0.848421597 -0.228596595
0.465944979 2.497312415
0.807266369 2.798781464
0.957020437 1.383885319
0.799899 2.20201579
-0.053985059 0.989622692
2.14882248 1.261849002
0.659818166 0.680412035
-0.274448303 1.215102287
1.203112833 1.510144468
0.663096743 1.183026886
0.879797453 0.663452226
2.464232204 0.411625392
0.961385006 1.226070004
-0.187907518 1.877848357
1.364782416 0.918901816
1.506739311 0.30140249
2.133956419 1.288110244
1.409293998 2.284789193
2.622253055 0.857234378
1.381815244 2.974765746
2.176998919 0.456210428
-0.021122566 1.171453728
2.233022085 0.367698294
-0.399067508 0.898523817
1.27174786 -0.433907932
0.236281986 0.938126508
1.228908027 2.550526379
1.421332809 0.874055425
1.529029427 0.980733837
0.87353802 2.869162855
1.579510945 0.895093534
2.067676944 -0.330089929
1.847057328 1.145790824
1.54584621 -0.271801131
1.555558466 1.446207675
0.555019768 -0.439219997
1.234702484 -0.133415845
1.467186668 1.441799634
2.257482205 1.692172934
0.125364277 1.632324854
-0.150508861 -0.12385853
0.750569495 1.83481962
1.184858752 -0.078847532
1.178536366 2.209441166
2.26992168 1.523478967
0.807468058 1.890168719
1.398355125 1.214008165
2.412596715 1.235034029
1.523706461 0.199143811
2.162073531 1.566978787
0.216023547 1.321484038
1.268066172 1.417696081
1.570663053 0.345729741
1.663954813 1.788991911
1.060654951 -0.556579877
1.488753369 1.177290982
0.368739883 0.01540855
1.487492233 1.677457595
1.46434455 2.949071118
0.821940595 0.712395733
0.215949961 0.401898956
1.588884006 -0.690508105
0.152632632 1.127730969
2.3004591 0.503838172
1.357634891 0.640610688
1.793040947 -0.095849325
0.963062904 -0.674617227
0.25760384 -0.109571746
0.862123714 -0.265934792
0.992090545 1.735524379
-0.090368373 2.277928998
2.016822921 1.33175759
2.203188657 0.142977176
2.023594943 -0.188041679
0.214111154 2.626150549
1.249746717 2.951922
1.686591058 2.565314435
1.667744206 1.689315971
0.312868992 0.002997535
1.089721872 2.356489675
0.809049495 1.804268917
1.366208547 1.221056294
1.216601865 0.733256508
0.221688007 1.437162977
1.072499232 0.919613492
2.371254085 1.520829502
2.450628131 0.829022672
2.349847769 2.211487696
0.109143232 1.407934337
0.202065436 -0.414795573
2.34322223 0.294557339
1.528691134 0.284437887
0.910490751 1.485440333
-0.212725062 2.304026677
2.071059749 -0.078211483
1.897892945 -0.38536663
0.5597846 2.012525081
1.932213439 1.006506357
0.595722519 0.021164937
2.500173814 1.602176398
-0.031438731 1.691296091
1.68875351 1.068511441
0.092856997 0.662601118
1.812539624 2.109060837
2.275583546 0.697257419
2.098128877 1.158686889
-0.151938494 0.104282053
1.176619282 2.202840807
0.435422876 2.446143001
0.070435037 1.060340841
0.463584546 -0.37048377
1.204310563 1.445119009
1.842413847 0.588263643
1.081881914 0.663876094
-0.398310136 1.735808128
1.33556352 2.830060991
0.956373322 1.768603707
1.280478466 0.356698059
0.095367701 2.426254156
0.791470919 2.358069959
2.193519633 1.807648889
0.600438748 -1.023331253
0.392792388 -0.712197353
1.181146247 1.424815256
1.80877351 1.790804978
1.171429974 2.754783806
-0.110178613 2.06624408
0.515285869 2.487992615
1.258853071 -0.528174383
2.050488283 0.973858817
0.753474452 0.218262646
0.53306193 1.761721051
0.947357113 1.333673036
0.329123802 0.692103699
0.590554239 -0.583087263
1.009077668 1.998103314
2.130906648 -0.500061643
0.742939609 -0.058437685
1.796357786 2.643736485
1.348594683 1.755497148
0.679429554 1.27941449
0.375370186 0.044497497
1.37330706 1.303070291
0.054371182 2.162578
1.735281117 2.017782419
1.413776578 2.157420976
1.203908149 0.0867068
1.746443063 -0.668060786
1.804144628 -0.012691433
1.109999024 2.399581758
-0.160035113 1.975962767
1.345206083 1.837243047
0.977970618 1.634262837
0.137751331 -0.137913336
0.18903466 -0.068598381
2.13633205 2.292590336
1.426127898 2.571397819
2.214697334 1.609947044
1.039713891 2.422744497
2.292625919 -0.354235204
0.678157119 1.246600866
1.637136063 2.155941163
1.071733724 1.699768128
0.905792875 1.190742448
1.629848448 2.301956543
2.142996335 1.430286509
1.609103415 -0.680866984
0.006510178 -0.185161757
0.502020131 -0.706561669
2.3997978 0.810432581
1.357962856 0.060654572
0.689508816 2.339235032
-0.188523993 1.880030788
0.277319535 -0.449698665
0.375306947 -0.646840732
2.095418819 2.041712539
1.330268205 1.801007836
1.753064528 0.064104827
0.473040245 1.717248866
0.457666181 0.66426017
1.116737751 0.881619328
1.102530851 1.03536349
1.083633451 2.183579507
1.485607636 2.053700637
0.303828804 1.971239548
0.526868002 2.188256256
0.451410402 2.366693399
-0.474105831 0.499189224
0.89388895 2.856966591
2.419621398 0.627682293
0.738871668 0.44024961
0.480294718 1.583608646
-0.180048786 1.432028358
0.423995333 1.36274743
1.923453483 2.314776921
1.844849726 2.260728331
2.328031428 0.870859331
0.88398026 0.96699128
-0.423363759 1.336990078
1.01117112 -0.831683843
1.238033736 -0.143579976
0.299062981 0.636064459
0.862510422 1.372113067
1.282283774 1.857611217
2.147938787 -0.168996624
1.247062124 -0.681309566
2.111172379 1.696251492
0.405758695 0.636834132
1.682340265 1.007617797
2.18544014 2.311955125
2.177245241 2.194939948
0.188184194 -0.590372073
2.463917966 1.803128811
0.657299598 -0.268420108
0.868246708 2.857802178
0.688578974 -0.639135285
1.456580797 0.51114344
0.78013805 -0.547306049
0.645350114 2.700673436
1.326158861 1.189800477
0.927386853 -0.670795881
1.480550765 2.363692465
1.776600001 -0.446769018
2.067720542 2.328589061
0.564957453 2.371164287
0.673003125 2.77777919
1.614010727 0.958285162
0.754556197 1.130003626
0.592562999 0.120203678
2.330110152 0.82985086
1.487822472 0.700756868
1.738153103 0.625730885
2.172717973 0.335384091
2.083085106 1.245944592
-0.081754203 0.283120153
0.805100348 2.01959119
1.558009355 0.543148304
1.730958006 -0.115340879
1.618858974 1.093527831
0.406436748 1.83667246
0.642925349 0.093327458
0.757948297 -0.059167196
1.828464064 2.385017202
1.436991604 2.157765934
2.289479733 1.100098689
1.848737329 -0.137575839
1.770702132 -0.280715617
0.327777616 0.644327997
1.324793074 -0.252173583
0.469107446 0.010891314
0.449814679 1.03643041
2.151108023 0.070033488
0.021009879 -0.375495867
0.048546958 0.884739325
0.377381926 1.944689396
0.506794554 0.293620507
0.925917108 1.063328974
0.838778168 1.876959403
0.632882759 1.745835158
0.044896623 0.938448489
0.15662582 0.994315825
0.277250305 2.442831356
-0.290515271 0.072305804
-0.365823213 0.529251433
2.05888331 1.443315022
1.554286281 -0.476640243
0.242342335 -0.662868579
1.359460551 -0.126769021
2.227575597 0.473900154
0.23425958 1.402510741
1.549238436 2.188598016
-0.140119858 0.834074141
0.683673443 0.397344494
2.099480746 1.43231309
2.02228981 -0.092785436
0.981953451 0.566105482
0.04656262 -0.254216839
-0.100129649 0.321475562
1.064953575 2.437021894
0.554542161 -0.957203447
0.289708288 0.344950687
1.629853532 -0.297533815
-0.249574388 2.271446319
0.500109601 2.36295391
0.383726665 -0.123651997
1.142170741 0.332352386
0.191713508 2.411185861
0.746158243 -0.912365731
0.856351844 1.734095826
0.374319084 2.338595967
0.468475903 2.393369192
-0.26233006 1.537245419
1.362205442 1.325990926
0.457755145 1.985683428
0.650517455 1.855780038
1.360856059 2.053872122
1.478567007 2.872041049
1.801716041 -0.088711415
1.88017055 1.677970751
1.75628921 2.264772343
0.657172097 -0.664061239
1.662139163 0.088850315
0.6536604 0.144063229
-0.160571806 1.041772387
0.879029084 1.192221251
2.382452945 0.362701228
1.862123515 1.251488225
-0.256798806 1.400953855
0.735175684 0.791402442
0.215192919 2.057297169
0.578107585 0.698304939
2.161404282 1.803736927
1.431525567 -0.549330107
0.848491107 0.541066916
1.28577652 1.580112939
1.426451523 0.213086952
0.287231747 0.223037687
0.749456603 -0.232406455
0.197775929 1.820382208
1.087134811 0.28715469
1.259726392 2.613574379
0.285031675 1.197192099
1.296669204 3.240866709
1.55825528 0.141580581
0.284865579 1.829155456
0.266318465 -0.551705173
0.143858592 0.590078274
1.597492637 -0.686299868
1.94262595 2.600166144
0.910377823 2.845806114
0.816136339 0.490476431
1.398320481 6.42729E-06
1.176427094 3.149835441
1.360578859 0.0763536
0.463199234 1.545959539
1.017542638 -0.112956517
1.204615234 1.40866643
0.956622171 0.800673488
1.895663222 1.845262307
2.396803332 1.296158713
0.485096315 0.491241261
-0.357708538 1.376710525
1.195878674 0.100562633
0.822932505 0.445933266
1.874590151 -0.422115737
1.586915333 1.73262637
0.473439004 2.85243815
2.31506771 1.029537213
0.663433951 0.652968707
2.067556814 0.429566305
1.055464017 2.191010587
0.969797437 -0.997515494
1.302449992 1.188272558
1.600064157 2.70399517
1.430667662 2.349228805
0.725202695 0.991081728
0.326383572 0.61799217
0.927480982 1.101503083
0.133143557 0.300571111
1.260837464 -0.357313188
1.701846207 1.013500551
